01012003
02012003
03012003
04012003
05012003
06012003
07012003
08012003
09012003
10012003
11012003
12012003
13012003
14012003
15012003
16012003
17012003
18012003
19012003
20012003
21012003
22012003
23012003
24012003
25012003
26012003
27012003
28012003
29012003
30012003
31012003
01022003
02022003
03022003
04022003
05022003
06022003
07022003
08022003
09022003
10022003
11022003
12022003
13022003
14022003
15022003
16022003
17022003
18022003
19022003
20022003
21022003
22022003
23022003
24022003
25022003
26022003
27022003
28022003
29022003
30022003
31022003
01032003
02032003
03032003
04032003
05032003
06032003
07032003
08032003
09032003
10032003
11032003
12032003
13032003
14032003
15032003
16032003
17032003
18032003
19032003
20032003
21032003
22032003
23032003
24032003
25032003
26032003
27032003
28032003
29032003
30032003
31032003
01042003
02042003
03042003
04042003
05042003
06042003
07042003
08042003
09042003
10042003
11042003
12042003
13042003
14042003
15042003
16042003
17042003
18042003
19042003
20042003
21042003
22042003
23042003
24042003
25042003
26042003
27042003
28042003
29042003
30042003
31042003
01052003
02052003
03052003
04052003
05052003
06052003
07052003
08052003
09052003
10052003
11052003
12052003
13052003
14052003
15052003
16052003
17052003
18052003
19052003
20052003
21052003
22052003
23052003
24052003
25052003
26052003
27052003
28052003
29052003
30052003
31052003
01062003
02062003
03062003
04062003
05062003
06062003
07062003
08062003
09062003
10062003
11062003
12062003
13062003
14062003
15062003
16062003
17062003
18062003
19062003
20062003
21062003
22062003
23062003
24062003
25062003
26062003
27062003
28062003
29062003
30062003
31062003
01072003
02072003
03072003
04072003
05072003
06072003
07072003
08072003
09072003
10072003
11072003
12072003
13072003
14072003
15072003
16072003
17072003
18072003
19072003
20072003
21072003
22072003
23072003
24072003
25072003
26072003
27072003
28072003
29072003
30072003
31072003
01082003
02082003
03082003
04082003
05082003
06082003
07082003
08082003
09082003
10082003
11082003
12082003
13082003
14082003
15082003
16082003
17082003
18082003
19082003
20082003
21082003
22082003
23082003
24082003
25082003
26082003
27082003
28082003
29082003
30082003
31082003
01092003
02092003
03092003
04092003
05092003
06092003
07092003
08092003
09092003
10092003
11092003
12092003
13092003
14092003
15092003
16092003
17092003
18092003
19092003
20092003
21092003
22092003
23092003
24092003
25092003
26092003
27092003
28092003
29092003
30092003
31092003
01102003
02102003
03102003
04102003
05102003
06102003
07102003
08102003
09102003
10102003
11102003
12102003
13102003
14102003
15102003
16102003
17102003
18102003
19102003
20102003
21102003
22102003
23102003
24102003
25102003
26102003
27102003
28102003
29102003
30102003
31102003
01112003
02112003
03112003
04112003
05112003
06112003
07112003
08112003
09112003
10112003
11112003
12112003
13112003
14112003
15112003
16112003
17112003
18112003
19112003
20112003
21112003
22112003
23112003
24112003
25112003
26112003
27112003
28112003
29112003
30112003
31112003
01122003
02122003
03122003
04122003
05122003
06122003
07122003
08122003
09122003
10122003
11122003
12122003
13122003
14122003
15122003
16122003
17122003
18122003
19122003
20122003
21122003
22122003
23122003
24122003
25122003
26122003
27122003
28122003
29122003
30122003
31122003
01012004
02012004
03012004
04012004
05012004
06012004
07012004
08012004
09012004
10012004
11012004
12012004
13012004
14012004
15012004
16012004
17012004
18012004
19012004
20012004
21012004
22012004
23012004
24012004
25012004
26012004
27012004
28012004
29012004
30012004
31012004
01022004
02022004
03022004
04022004
05022004
06022004
07022004
08022004
09022004
10022004
11022004
12022004
13022004
14022004
15022004
16022004
17022004
18022004
19022004
20022004
21022004
22022004
23022004
24022004
25022004
26022004
27022004
28022004
29022004
30022004
31022004
01032004
02032004
03032004
04032004
05032004
06032004
07032004
08032004
09032004
10032004
11032004
12032004
13032004
14032004
15032004
16032004
17032004
18032004
19032004
20032004
21032004
22032004
23032004
24032004
25032004
26032004
27032004
28032004
29032004
30032004
31032004
01042004
02042004
03042004
04042004
05042004
06042004
07042004
08042004
09042004
10042004
11042004
12042004
13042004
14042004
15042004
16042004
17042004
18042004
19042004
20042004
21042004
22042004
23042004
24042004
25042004
26042004
27042004
28042004
29042004
30042004
31042004
01052004
02052004
03052004
04052004
05052004
06052004
07052004
08052004
09052004
10052004
11052004
12052004
13052004
14052004
15052004
16052004
17052004
18052004
19052004
20052004
21052004
22052004
23052004
24052004
25052004
26052004
27052004
28052004
29052004
30052004
31052004
01062004
02062004
03062004
04062004
05062004
06062004
07062004
08062004
09062004
10062004
11062004
12062004
13062004
14062004
15062004
16062004
17062004
18062004
19062004
20062004
21062004
22062004
23062004
24062004
25062004
26062004
27062004
28062004
29062004
30062004
31062004
01072004
02072004
03072004
04072004
05072004
06072004
07072004
08072004
09072004
10072004
11072004
12072004
13072004
14072004
15072004
16072004
17072004
18072004
19072004
20072004
21072004
22072004
23072004
24072004
25072004
26072004
27072004
28072004
29072004
30072004
31072004
01082004
02082004
03082004
04082004
05082004
06082004
07082004
08082004
09082004
10082004
11082004
12082004
13082004
14082004
15082004
16082004
17082004
18082004
19082004
20082004
21082004
22082004
23082004
24082004
25082004
26082004
27082004
28082004
29082004
30082004
31082004
01092004
02092004
03092004
04092004
05092004
06092004
07092004
08092004
09092004
10092004
11092004
12092004
13092004
14092004
15092004
16092004
17092004
18092004
19092004
20092004
21092004
22092004
23092004
24092004
25092004
26092004
27092004
28092004
29092004
30092004
31092004
01102004
02102004
03102004
04102004
05102004
06102004
07102004
08102004
09102004
10102004
11102004
12102004
13102004
14102004
15102004
16102004
17102004
18102004
19102004
20102004
21102004
22102004
23102004
24102004
25102004
26102004
27102004
28102004
29102004
30102004
31102004
01112004
02112004
03112004
04112004
05112004
06112004
07112004
08112004
09112004
10112004
11112004
12112004
13112004
14112004
15112004
16112004
17112004
18112004
19112004
20112004
21112004
22112004
23112004
24112004
25112004
26112004
27112004
28112004
29112004
30112004
31112004
01122004
02122004
03122004
04122004
05122004
06122004
07122004
08122004
09122004
10122004
11122004
12122004
13122004
14122004
15122004
16122004
17122004
18122004
19122004
20122004
21122004
22122004
23122004
24122004
25122004
26122004
27122004
28122004
29122004
30122004
31122004