01012002
02012002
03012002
04012002
05012002
06012002
07012002
08012002
09012002
10012002
11012002
12012002
13012002
14012002
15012002
16012002
17012002
18012002
19012002
20012002
21012002
22012002
23012002
24012002
25012002
26012002
27012002
28012002
29012002
30012002
31012002
01022002
02022002
03022002
04022002
05022002
06022002
07022002
08022002
09022002
10022002
11022002
12022002
13022002
14022002
15022002
16022002
17022002
18022002
19022002
20022002
21022002
22022002
23022002
24022002
25022002
26022002
27022002
28022002
29022002
30022002
31022002
01032002
02032002
03032002
04032002
05032002
06032002
07032002
08032002
09032002
10032002
11032002
12032002
13032002
14032002
15032002
16032002
17032002
18032002
19032002
20032002
21032002
22032002
23032002
24032002
25032002
26032002
27032002
28032002
29032002
30032002
31032002
01042002
02042002
03042002
04042002
05042002
06042002
07042002
08042002
09042002
10042002
11042002
12042002
13042002
14042002
15042002
16042002
17042002
18042002
19042002
20042002
21042002
22042002
23042002
24042002
25042002
26042002
27042002
28042002
29042002
30042002
31042002
01052002
02052002
03052002
04052002
05052002
06052002
07052002
08052002
09052002
10052002
11052002
12052002
13052002
14052002
15052002
16052002
17052002
18052002
19052002
20052002
21052002
22052002
23052002
24052002
25052002
26052002
27052002
28052002
29052002
30052002
31052002
01062002
02062002
03062002
04062002
05062002
06062002
07062002
08062002
09062002
10062002
11062002
12062002
13062002
14062002
15062002
16062002
17062002
18062002
19062002
20062002
21062002
22062002
23062002
24062002
25062002
26062002
27062002
28062002
29062002
30062002
31062002
01072002
02072002
03072002
04072002
05072002
06072002
07072002
08072002
09072002
10072002
11072002
12072002
13072002
14072002
15072002
16072002
17072002
18072002
19072002
20072002
21072002
22072002
23072002
24072002
25072002
26072002
27072002
28072002
29072002
30072002
31072002
01082002
02082002
03082002
04082002
05082002
06082002
07082002
08082002
09082002
10082002
11082002
12082002
13082002
14082002
15082002
16082002
17082002
18082002
19082002
20082002
21082002
22082002
23082002
24082002
25082002
26082002
27082002
28082002
29082002
30082002
31082002
01092002
02092002
03092002
04092002
05092002
06092002
07092002
08092002
09092002
10092002
11092002
12092002
13092002
14092002
15092002
16092002
17092002
18092002
19092002
20092002
21092002
22092002
23092002
24092002
25092002
26092002
27092002
28092002
29092002
30092002
31092002
01102002
02102002
03102002
04102002
05102002
06102002
07102002
08102002
09102002
10102002
11102002
12102002
13102002
14102002
15102002
16102002
17102002
18102002
19102002
20102002
21102002
22102002
23102002
24102002
25102002
26102002
27102002
28102002
29102002
30102002
31102002
01112002
02112002
03112002
04112002
05112002
06112002
07112002
08112002
09112002
10112002
11112002
12112002
13112002
14112002
15112002
16112002
17112002
18112002
19112002
20112002
21112002
22112002
23112002
24112002
25112002
26112002
27112002
28112002
29112002
30112002
31112002
01122002
02122002
03122002
04122002
05122002
06122002
07122002
08122002
09122002
10122002
11122002
12122002
13122002
14122002
15122002
16122002
17122002
18122002
19122002
20122002
21122002
22122002
23122002
24122002
25122002
26122002
27122002
28122002
29122002
30122002
31122002
01012001
02012001
03012001
04012001
05012001
06012001
07012001
08012001
09012001
10012001
11012001
12012001
13012001
14012001
15012001
16012001
17012001
18012001
19012001
20012001
21012001
22012001
23012001
24012001
25012001
26012001
27012001
28012001
29012001
30012001
31012001
01022001
02022001
03022001
04022001
05022001
06022001
07022001
08022001
09022001
10022001
11022001
12022001
13022001
14022001
15022001
16022001
17022001
18022001
19022001
20022001
21022001
22022001
23022001
24022001
25022001
26022001
27022001
28022001
29022001
30022001
31022001
01032001
02032001
03032001
04032001
05032001
06032001
07032001
08032001
09032001
10032001
11032001
12032001
13032001
14032001
15032001
16032001
17032001
18032001
19032001
20032001
21032001
22032001
23032001
24032001
25032001
26032001
27032001
28032001
29032001
30032001
31032001
01042001
02042001
03042001
04042001
05042001
06042001
07042001
08042001
09042001
10042001
11042001
12042001
13042001
14042001
15042001
16042001
17042001
18042001
19042001
20042001
21042001
22042001
23042001
24042001
25042001
26042001
27042001
28042001
29042001
30042001
31042001
01052001
02052001
03052001
04052001
05052001
06052001
07052001
08052001
09052001
10052001
11052001
12052001
13052001
14052001
15052001
16052001
17052001
18052001
19052001
20052001
21052001
22052001
23052001
24052001
25052001
26052001
27052001
28052001
29052001
30052001
31052001
01062001
02062001
03062001
04062001
05062001
06062001
07062001
08062001
09062001
10062001
11062001
12062001
13062001
14062001
15062001
16062001
17062001
18062001
19062001
20062001
21062001
22062001
23062001
24062001
25062001
26062001
27062001
28062001
29062001
30062001
31062001
01072001
02072001
03072001
04072001
05072001
06072001
07072001
08072001
09072001
10072001
11072001
12072001
13072001
14072001
15072001
16072001
17072001
18072001
19072001
20072001
21072001
22072001
23072001
24072001
25072001
26072001
27072001
28072001
29072001
30072001
31072001
01082001
02082001
03082001
04082001
05082001
06082001
07082001
08082001
09082001
10082001
11082001
12082001
13082001
14082001
15082001
16082001
17082001
18082001
19082001
20082001
21082001
22082001
23082001
24082001
25082001
26082001
27082001
28082001
29082001
30082001
31082001
01092001
02092001
03092001
04092001
05092001
06092001
07092001
08092001
09092001
10092001
11092001
12092001
13092001
14092001
15092001
16092001
17092001
18092001
19092001
20092001
21092001
22092001
23092001
24092001
25092001
26092001
27092001
28092001
29092001
30092001
31092001
01102001
02102001
03102001
04102001
05102001
06102001
07102001
08102001
09102001
10102001
11102001
12102001
13102001
14102001
15102001
16102001
17102001
18102001
19102001
20102001
21102001
22102001
23102001
24102001
25102001
26102001
27102001
28102001
29102001
30102001
31102001
01112001
02112001
03112001
04112001
05112001
06112001
07112001
08112001
09112001
10112001
11112001
12112001
13112001
14112001
15112001
16112001
17112001
18112001
19112001
20112001
21112001
22112001
23112001
24112001
25112001
26112001
27112001
28112001
29112001
30112001
31112001
01122001
02122001
03122001
04122001
05122001
06122001
07122001
08122001
09122001
10122001
11122001
12122001
13122001
14122001
15122001
16122001
17122001
18122001
19122001
20122001
21122001
22122001
23122001
24122001
25122001
26122001
27122001
28122001
29122001
30122001
31122001