01012005
02012005
03012005
04012005
05012005
06012005
07012005
08012005
09012005
10012005
11012005
12012005
13012005
14012005
15012005
16012005
17012005
18012005
19012005
20012005
21012005
22012005
23012005
24012005
25012005
26012005
27012005
28012005
29012005
30012005
31012005
01022005
02022005
03022005
04022005
05022005
06022005
07022005
08022005
09022005
10022005
11022005
12022005
13022005
14022005
15022005
16022005
17022005
18022005
19022005
20022005
21022005
22022005
23022005
24022005
25022005
26022005
27022005
28022005
29022005
30022005
31022005
01032005
02032005
03032005
04032005
05032005
06032005
07032005
08032005
09032005
10032005
11032005
12032005
13032005
14032005
15032005
16032005
17032005
18032005
19032005
20032005
21032005
22032005
23032005
24032005
25032005
26032005
27032005
28032005
29032005
30032005
31032005
01042005
02042005
03042005
04042005
05042005
06042005
07042005
08042005
09042005
10042005
11042005
12042005
13042005
14042005
15042005
16042005
17042005
18042005
19042005
20042005
21042005
22042005
23042005
24042005
25042005
26042005
27042005
28042005
29042005
30042005
31042005
01052005
02052005
03052005
04052005
05052005
06052005
07052005
08052005
09052005
10052005
11052005
12052005
13052005
14052005
15052005
16052005
17052005
18052005
19052005
20052005
21052005
22052005
23052005
24052005
25052005
26052005
27052005
28052005
29052005
30052005
31052005
01062005
02062005
03062005
04062005
05062005
06062005
07062005
08062005
09062005
10062005
11062005
12062005
13062005
14062005
15062005
16062005
17062005
18062005
19062005
20062005
21062005
22062005
23062005
24062005
25062005
26062005
27062005
28062005
29062005
30062005
31062005
01072005
02072005
03072005
04072005
05072005
06072005
07072005
08072005
09072005
10072005
11072005
12072005
13072005
14072005
15072005
16072005
17072005
18072005
19072005
20072005
21072005
22072005
23072005
24072005
25072005
26072005
27072005
28072005
29072005
30072005
31072005
01082005
02082005
03082005
04082005
05082005
06082005
07082005
08082005
09082005
10082005
11082005
12082005
13082005
14082005
15082005
16082005
17082005
18082005
19082005
20082005
21082005
22082005
23082005
24082005
25082005
26082005
27082005
28082005
29082005
30082005
31082005
01092005
02092005
03092005
04092005
05092005
06092005
07092005
08092005
09092005
10092005
11092005
12092005
13092005
14092005
15092005
16092005
17092005
18092005
19092005
20092005
21092005
22092005
23092005
24092005
25092005
26092005
27092005
28092005
29092005
30092005
31092005
01102005
02102005
03102005
04102005
05102005
06102005
07102005
08102005
09102005
10102005
11102005
12102005
13102005
14102005
15102005
16102005
17102005
18102005
19102005
20102005
21102005
22102005
23102005
24102005
25102005
26102005
27102005
28102005
29102005
30102005
31102005
01112005
02112005
03112005
04112005
05112005
06112005
07112005
08112005
09112005
10112005
11112005
12112005
13112005
14112005
15112005
16112005
17112005
18112005
19112005
20112005
21112005
22112005
23112005
24112005
25112005
26112005
27112005
28112005
29112005
30112005
31112005
01122005
02122005
03122005
04122005
05122005
06122005
07122005
08122005
09122005
10122005
11122005
12122005
13122005
14122005
15122005
16122005
17122005
18122005
19122005
20122005
21122005
22122005
23122005
24122005
25122005
26122005
27122005
28122005
29122005
30122005
31122005